==================================================================================
                          MODIS-Terra:  Viewing Times                               

* 1 = tilt in progress; 2 = tilt schedule unknown, estimated tilt               
  3 = Sat. view ang. > 45 deg; 4 = Possible sunglint; 5 = nighttime pass
  6 = old TLE, accuracy will be degraded
==================================================================================
   Date       Time     Lat      Lon    Sat.   Sat.  Range Sun    Sun   Tilt Flags*
             (UTC)    (DEG)    (DEG)   Azi.   Elev. (km)  Azi.   Elev.             
----------------------------------------------------------------------------------
 1 Jun 2017 07:16:26  24.466  53.366 283.03  79.88  715  95.23  74.23 NADIR    4  
 2 Jun 2017 07:59:00  24.466  53.366 287.44  24.44 1420 109.67  83.73 NADIR   3   
 3 Jun 2017 07:04:15  24.466  53.366 101.60  73.07  734  92.47  71.44 NADIR       
 4 Jun 2017 07:46:52  24.466  53.366 286.16  33.58 1157 101.02  81.07 NADIR   3   
 5 Jun 2017 06:52:02  24.466  53.366 100.49  50.97  880  90.32  68.63 NADIR       
 6 Jun 2017 07:34:43  24.466  53.366 284.80  47.01  926  96.22  78.30 NADIR    4  
 7 Jun 2017 06:39:49  24.466  53.366  99.18  35.96 1105  88.57  65.80 NADIR   3   
 8 Jun 2017 07:22:33  24.466  53.366 283.59  67.09  759  93.10  75.49 NADIR    4  
 9 Jun 2017 06:27:35  24.466  53.366  97.97  25.84 1371  87.09  62.96 NADIR   3   
10 Jun 2017 07:10:23  24.466  53.366 102.28  86.53  706  90.87  72.66 NADIR    4  
11 Jun 2017 07:52:59  24.466  53.366 286.78  28.59 1287  98.49  82.28 NADIR   3   
12 Jun 2017 06:58:11  24.466  53.366 100.97  61.17  793  89.15  69.81 NADIR       
13 Jun 2017 07:40:51  24.466  53.366 285.45  39.57 1037  94.44  79.47 NADIR       
14 Jun 2017 06:45:59  24.466  53.366  99.80  42.77  985  87.75  66.96 NADIR       
15 Jun 2017 07:28:42  24.466  53.366 284.22  56.02  833  91.94  76.63 NADIR    4  
16 Jun 2017 06:33:45  24.466  53.366  98.60  30.49 1233  86.56  64.09 NADIR   3   
17 Jun 2017 07:16:32  24.466  53.366 282.90  79.67  716  90.17  73.77 NADIR    4  
18 Jun 2017 07:59:06  24.466  53.366 287.50  24.40 1422  97.75  83.39 NADIR   3   
19 Jun 2017 07:04:21  24.466  53.366 101.55  73.31  733  88.82  70.91 NADIR       
20 Jun 2017 07:46:59  24.466  53.366 286.10  33.50 1160  94.17  80.55 NADIR   3   
21 Jun 2017 06:52:09  24.466  53.366 100.42  51.19  878  87.71  68.04 NADIR       
22 Jun 2017 07:34:51  24.466  53.366 284.74  46.85  929  92.07  77.70 NADIR    4  
23 Jun 2017 06:39:57  24.466  53.366  99.19  36.12 1103  86.76  65.16 NADIR   3   
24 Jun 2017 07:22:42  24.466  53.366 283.60  66.82  761  90.61  74.83 NADIR    4  
25 Jun 2017 06:27:44  24.466  53.366  98.03  25.97 1368  85.92  62.29 NADIR   3   
26 Jun 2017 07:10:32  24.466  53.366 101.53  86.90  707  89.50  71.96 NADIR    4  
27 Jun 2017 07:53:08  24.466  53.366 286.81  28.48 1291  96.07  81.59 NADIR   3   
28 Jun 2017 06:58:21  24.466  53.366 101.05  61.51  792  88.58  69.09 NADIR       
29 Jun 2017 07:41:01  24.466  53.366 285.43  39.39 1041  93.90  78.73 NADIR       
30 Jun 2017 06:46:10  24.466  53.366  99.79  43.02  982  87.78  66.21 NADIR       
 1 Jul 2017 07:28:53  24.466  53.366 284.26  55.71  836  92.46  75.87 NADIR    4  
 2 Jul 2017 06:33:57  24.466  53.366  98.65  30.68 1229  87.07  63.33 NADIR   3   
 3 Jul 2017 07:16:44  24.466  53.366 283.19  79.21  717  91.38  73.00 NADIR    4  
 4 Jul 2017 07:59:19  24.466  53.366 287.47  24.27 1427 101.01  82.58 NADIR   3   
 5 Jul 2017 07:04:34  24.466  53.366 101.66  73.80  732  90.50  70.12 NADIR       
 6 Jul 2017 07:47:12  24.466  53.366 286.17  33.30 1165  97.94  79.74 NADIR   3   
 7 Jul 2017 06:52:23  24.466  53.366 100.42  51.56  875  89.74  67.24 NADIR       
 8 Jul 2017 07:35:05  24.466  53.366 284.89  46.53  933  96.03  76.88 NADIR    4  
 9 Jul 2017 06:40:12  24.466  53.366  99.25  36.38 1097  89.06  64.36 NADIR   3   
10 Jul 2017 07:22:57  24.466  53.366 283.69  66.31  764  94.68  74.02 NADIR    4  
11 Jul 2017 06:28:00  24.466  53.366  98.05  26.16 1362  88.44  61.48 NADIR   3   
12 Jul 2017 07:10:48  24.466  53.366 102.22  87.52  706  93.62  71.15 NADIR    4  
13 Jul 2017 07:53:25  24.466  53.366 286.80  28.27 1297 104.79  80.67 NADIR   3   
14 Jul 2017 06:58:38  24.466  53.366 101.05  62.05  788  92.74  68.28 NADIR       
15 Jul 2017 07:41:18  24.466  53.366 285.54  39.06 1047 101.69  77.85 NADIR       
16 Jul 2017 06:46:28  24.466  53.366  99.90  43.40  976  91.97  65.40 NADIR       
17 Jul 2017 07:29:11  24.466  53.366 284.29  55.20  840  99.62  75.00 NADIR    4  
18 Jul 2017 06:34:16  24.466  53.366  98.70  30.94 1222  91.29  62.51 NADIR   3   
19 Jul 2017 07:17:03  24.466  53.366 282.88  78.49  719  98.09  72.15 NADIR    4  
20 Jul 2017 07:59:38  24.466  53.366 287.56  24.06 1435 115.09  81.40 NADIR   3   
21 Jul 2017 07:04:54  24.466  53.366 101.80  74.52  729  96.88  69.28 NADIR       
22 Jul 2017 07:47:33  24.466  53.366 286.16  32.98 1172 109.82  78.67 NADIR   3   
23 Jul 2017 06:52:44  24.466  53.366 100.43  52.09  869  95.88  66.41 NADIR       
24 Jul 2017 07:35:26  24.466  53.366 284.90  46.04  939 106.46  75.88 NADIR    4  
25 Jul 2017 06:40:34  24.466  53.366  99.34  36.74 1090  95.01  63.53 NADIR   3   
26 Jul 2017 07:23:19  24.466  53.366 283.74  65.57  767 104.09  73.06 NADIR    4  
27 Jul 2017 06:28:22  24.466  53.366  98.09  26.41 1353  94.23  60.65 NADIR   3   
28 Jul 2017 07:11:11  24.466  53.366 105.03  88.40  706 102.29  70.22 NADIR    4  
29 Jul 2017 07:53:48  24.466  53.366 286.90  27.96 1305 120.57  79.21 NADIR   3   
30 Jul 2017 06:59:02  24.466  53.366 100.94  62.78  783 100.85  67.37 NADIR       
31 Jul 2017 07:41:43  24.466  53.366 285.49  38.60 1054 115.32  76.54 NADIR       
 1 Aug 2017 06:46:52  24.466  53.366  99.82  43.90  968  99.65  64.50 NADIR       
 2 Aug 2017 07:29:36  24.466  53.366 284.24  54.49  846 111.70  73.79 NADIR    4  
 3 Aug 2017 06:34:42  24.466  53.366  98.71  31.28 1212  98.62  61.63 NADIR   3   
 4 Aug 2017 07:17:29  24.466  53.366 283.33  77.53  720 109.03  71.01 NADIR    4  
 5 Aug 2017 07:17:29  24.466  53.366 283.33  77.53  720 109.03  71.01 NADIR    4 
 6 Aug 2017 07:05:21  24.466  53.366 101.80  75.47  726 106.94  68.20 NADIR       
 7 Aug 2017 07:48:00  24.466  53.366 286.24  32.55 1181 126.03  76.83 NADIR   3   
 8 Aug 2017 06:53:12  24.466  53.366 100.55  52.79  861 105.25  65.37 NADIR       
 9 Aug 2017 07:35:54  24.466  53.366 284.93  45.39  947 120.86  74.23 NADIR    4  
10 Aug 2017 06:41:02  24.466  53.366  99.30  37.21 1079 103.83  62.52 NADIR   3   
11 Aug 2017 07:23:48  24.466  53.366 283.60  64.62  772 117.05  71.55 NADIR    4  
12 Aug 2017 06:28:52  24.466  53.366  98.19  26.74 1341 102.61  59.66 NADIR   3   
13 Aug 2017 07:11:41  24.466  53.366 103.37  89.54  705 114.13  68.82 NADIR    4  
14 Aug 2017 07:54:18  24.466  53.366 286.93  27.57 1316 137.91  76.60 NADIR   3   
15 Aug 2017 06:59:32  24.466  53.366 100.99  63.73  776 111.78  66.04 NADIR       
16 Aug 2017 07:42:13  24.466  53.366 285.56  38.03 1064 131.18  74.24 NADIR   3   
17 Aug 2017 06:47:23  24.466  53.366  99.94  44.55  958 109.86  63.24 NADIR       
18 Aug 2017 07:30:08  24.466  53.366 284.41  53.62  853 126.15  71.73 NADIR    4  
19 Aug 2017 06:35:14  24.466  53.366  98.78  31.72 1200 108.22  60.42 NADIR   3   
20 Aug 2017 07:18:01  24.466  53.366 282.91  76.33  723 122.25  69.13 NADIR    4  
22 Aug 2017 07:05:54  24.466  53.366 101.63  76.68  722 119.15  66.45 NADIR       
23 Aug 2017 07:48:33  24.466  53.366 286.27  32.04 1193 141.96  73.72 NADIR   3   
24 Aug 2017 06:53:46  24.466  53.366 100.64  53.69  852 116.60  63.73 NADIR       
25 Aug 2017 07:36:29  24.466  53.366 284.99  44.63  957 135.85  71.45 NADIR    4  
26 Aug 2017 06:41:37  24.466  53.366  99.43  37.82 1067 114.47  60.97 NADIR   3   
27 Aug 2017 07:24:23  24.466  53.366 283.78  63.48  778 131.01  69.03 NADIR    4  
28 Aug 2017 06:29:27  24.466  53.366  98.18  27.17 1327 112.65  58.19 NADIR   3   
29 Aug 2017 07:12:17  24.466  53.366 281.87  89.07  704 127.11  66.51 NADIR    4  
30 Aug 2017 07:54:54  24.466  53.366 286.99  27.12 1329 152.37  72.63 NADIR   3   
31 Aug 2017 07:00:09  24.466  53.366 101.20  64.92  769 123.91  63.90 NADIR       
 1 Sep 2017 07:42:51  24.466  53.366 285.68  37.36 1076 145.54  70.65 NADIR   3   
 2 Sep 2017 06:48:01  24.466  53.366 100.01  45.38  946 121.22  61.24 NADIR       
 3 Sep 2017 07:30:46  24.466  53.366 284.48  52.61  863 139.96  68.47 NADIR    4  
 4 Sep 2017 06:35:53  24.466  53.366  98.88  32.29 1186 118.93  58.53 NADIR   3   
 5 Sep 2017 07:18:40  24.466  53.366 283.21  74.91  727 135.35  66.14 NADIR    4  
 7 Sep 2017 07:06:34  24.466  53.366 102.21  78.16  718 131.51  63.70 NADIR       
 8 Sep 2017 07:49:14  24.466  53.366 286.35  31.47 1207 154.64  69.33 NADIR   3   
 9 Sep 2017 06:54:27  24.466  53.366 100.59  54.80  842 128.27  61.17 NADIR       
10 Sep 2017 07:37:10  24.466  53.366 285.03  43.76  969 148.60  67.43 NADIR    4  
11 Sep 2017 06:42:19  24.466  53.366  99.47  38.58 1053 125.49  58.57 NADIR       
12 Sep 2017 07:25:05  24.466  53.366 283.90  62.16  786 143.48  65.33 NADIR    4  
13 Sep 2017 06:30:10  24.466  53.366  98.25  27.70 1311 123.09  55.92 NADIR   3   
14 Sep 2017 07:13:00  24.466  53.366 281.97  87.43  705 139.12  63.08 NADIR    4  
15 Sep 2017 07:55:38  24.466  53.366 287.04  26.62 1346 162.73  67.55 NADIR   3   
16 Sep 2017 07:00:53  24.466  53.366 101.40  66.37  762 135.38  60.72 NADIR       
17 Sep 2017 07:43:35  24.466  53.366 285.81  36.62 1091 156.54  65.92 NADIR   3   
18 Sep 2017 06:48:46  24.466  53.366 100.06  46.40  933 132.15  58.26 NADIR       
19 Sep 2017 07:31:31  24.466  53.366 284.41  51.46  875 151.13  64.07 NADIR    4  
20 Sep 2017 06:36:38  24.466  53.366  98.88  33.00 1170 129.33  55.74 NADIR   3   
21 Sep 2017 07:19:26  24.466  53.366 283.19  73.28  733 146.40  62.05 NADIR    4  
23 Sep 2017 07:07:21  24.466  53.366 102.02  79.91  715 142.28  59.88 NADIR       
24 Sep 2017 07:50:01  24.466  53.366 286.44  30.83 1224 163.55  64.02 NADIR   3   
25 Sep 2017 06:55:15  24.466  53.366 100.81  56.16  831 138.66  57.60 NADIR       
26 Sep 2017 07:37:58  24.466  53.366 285.22  42.79  984 158.05  62.43 NADIR       
27 Sep 2017 06:43:08  24.466  53.366  99.56  39.51 1037 135.48  55.22 NADIR       
28 Sep 2017 07:25:54  24.466  53.366 283.89  60.68  797 153.13  60.64 NADIR    4  
29 Sep 2017 06:31:00  24.466  53.366  98.35  28.36 1293 132.66  52.76 NADIR   3   
30 Sep 2017 07:13:50  24.466  53.366 282.88  85.53  707 148.74  58.69 NADIR    4  
 1 Oct 2017 07:56:28  24.466  53.366 287.13  26.06 1365 169.54  61.83 NADIR   3   
 2 Oct 2017 07:01:44  24.466  53.366 101.45  68.09  754 144.84  56.59 NADIR       
 3 Oct 2017 07:44:26  24.466  53.366 285.87  35.80 1109 164.10  60.48 NADIR   3   
 4 Oct 2017 06:49:38  24.466  53.366 100.15  47.63  918 141.35  54.38 NADIR       
 5 Oct 2017 07:32:23  24.466  53.366 284.59  50.19  889 159.13  58.92 NADIR       
 6 Oct 2017 06:37:31  24.466  53.366  98.99  33.84 1151 138.24  52.07 NADIR   3   
 7 Oct 2017 07:20:19  24.466  53.366 283.07  71.44  740 154.61  57.19 NADIR    4  
 8 Oct 2017 06:25:23  24.466  53.366  97.81  24.44 1420 135.44  49.68 NADIR   3   
 9 Oct 2017 07:08:15  24.466  53.366 102.04  81.93  712 150.51  55.29 NADIR       
10 Oct 2017 07:50:55  24.466  53.366 286.60  30.13 1244 169.28  58.31 NADIR   3   
11 Oct 2017 06:56:10  24.466  53.366 100.93  57.75  819 146.81  53.26 NADIR       
12 Oct 2017 07:38:53  24.466  53.366 285.27  41.71 1002 164.35  56.97 NADIR       
13 Oct 2017 06:44:03  24.466  53.366  99.68  40.60 1020 143.45  51.11 NADIR       
14 Oct 2017 07:26:50  24.466  53.366 284.08  59.04  809 159.79  55.45 NADIR    4  
15 Oct 2017 06:31:56  24.466  53.366  98.47  29.12 1272 140.41  48.87 NADIR   3   
16 Oct 2017 07:14:46  24.466  53.366 283.02  83.38  710 155.59  53.76 NADIR    4  
17 Oct 2017 07:57:25  24.466  53.366 287.27  25.45 1386 173.61  56.00 NADIR   3   
18 Oct 2017 07:02:42  24.466  53.366 101.58  70.07  746 151.73  51.92 NADIR       
19 Oct 2017 07:45:24  24.466  53.366 286.01  34.89 1129 168.79  54.88 NADIR   3   
20 Oct 2017 06:50:37  24.466  53.366 100.28  49.05  902 148.20  49.94 NADIR       
21 Oct 2017 07:33:22  24.466  53.366 284.73  48.79  906 164.25  53.56 NADIR       
22 Oct 2017 06:38:31  24.466  53.366  99.12  34.80 1131 144.96  47.86 NADIR   3   
23 Oct 2017 07:21:19  24.466  53.366 283.50  69.39  749 160.01  52.07 NADIR    4  
24 Oct 2017 06:26:24  24.466  53.366  97.87  25.13 1397 142.00  45.68 NADIR   3   
25 Oct 2017 07:09:16  24.466  53.366 102.30  84.22  709 156.07  50.42 NADIR       
26 Oct 2017 07:51:55  24.466  53.366 286.72  29.34 1267 172.51  52.73 NADIR   3   
27 Oct 2017 06:57:11  24.466  53.366 100.90  59.57  805 152.42  48.62 NADIR       
28 Oct 2017 07:39:55  24.466  53.366 285.37  40.53 1022 168.04  51.61 NADIR       
29 Oct 2017 06:45:06  24.466  53.366  99.73  41.85 1000 149.03  46.71 NADIR       
30 Oct 2017 07:27:53  24.466  53.366 284.13  57.24  823 163.80  50.31 NADIR       
31 Oct 2017 06:33:00  24.466  53.366  98.55  29.97 1248 145.90  44.68 NADIR   3   
 1 Nov 2017 07:15:50  24.466  53.366 282.70  81.00  714 159.82  48.85 NADIR       
 2 Nov 2017 07:58:28  24.466  53.366 287.42  24.75 1411 175.58  50.60 NADIR   3   
 3 Nov 2017 07:03:47  24.466  53.366 101.58  72.32  737 156.08  47.23 NADIR       
 4 Nov 2017 07:46:28  24.466  53.366 286.09  33.88 1152 171.19  49.67 NADIR   3   
 5 Nov 2017 06:51:42  24.466  53.366 100.38  50.67  884 152.59  45.48 NADIR       
 6 Nov 2017 07:34:28  24.466  53.366 284.75  47.26  924 166.99  48.56 NADIR       
 7 Nov 2017 06:39:37  24.466  53.366  99.15  35.89 1107 149.33  43.61 NADIR   3   
 8 Nov 2017 07:22:26  24.466  53.366 283.37  67.15  760 162.99  47.28 NADIR       
 9 Nov 2017 06:27:31  24.466  53.366  98.05  25.90 1370 146.29  41.63 NADIR   3   
10 Nov 2017 07:10:23  24.466  53.366 102.68  86.79  707 159.20  45.84 NADIR       
11 Nov 2017 07:53:03  24.466  53.366 286.82  28.47 1291 173.78  47.83 NADIR   3   
12 Nov 2017 06:58:19  24.466  53.366 100.89  61.64  791 155.63  44.26 NADIR       
13 Nov 2017 07:41:03  24.466  53.366 285.46  39.24 1044 169.62  46.90 NADIR       
14 Nov 2017 06:46:15  24.466  53.366  99.81  43.26  978 152.27  42.54 NADIR       
15 Nov 2017 07:29:02  24.466  53.366 284.17  55.29  839 165.63  45.79 NADIR       
16 Nov 2017 06:34:10  24.466  53.366  98.64  30.93 1222 149.11  40.72 NADIR   3   
17 Nov 2017 07:17:01  24.466  53.366 283.01  78.38  719 161.81  44.53 NADIR       
18 Nov 2017 07:59:39  24.466  53.366 287.55  23.99 1437 175.90  46.16 NADIR   3   
19 Nov 2017 07:04:58  24.466  53.366 101.70  74.85  728 158.18  43.11 NADIR       
20 Nov 2017 07:47:40  24.466  53.366 286.22  32.79 1176 171.79  45.40 NADIR   3   
21 Nov 2017 06:52:55  24.466  53.366 100.55  52.50  865 154.74  41.56 NADIR       
22 Nov 2017 07:35:40  24.466  53.366 284.85  45.62  945 167.80  44.47 NADIR       
23 Nov 2017 06:40:50  24.466  53.366  99.32  37.12 1082 151.48  39.88 NADIR   3   
24 Nov 2017 07:23:39  24.466  53.366 283.67  64.75  772 163.97  43.37 NADIR       
25 Nov 2017 06:28:45  24.466  53.366  98.14  26.75 1342 148.40  38.09 NADIR   3   
26 Nov 2017 07:11:37  24.466  53.366 102.04  89.61  705 160.29  42.12 NADIR       
27 Nov 2017 07:54:18  24.466  53.366 286.90  27.54 1318 173.55  44.12 NADIR   3   
28 Nov 2017 06:59:35  24.466  53.366 101.24  63.98  776 156.77  40.72 NADIR       
29 Nov 2017 07:42:19  24.466  53.366 285.60  37.87 1068 169.58  43.36 NADIR   3   
30 Nov 2017 06:47:31  24.466  53.366  99.95  44.86  954 153.43  39.20 NADIR       
 1 Dec 2017 07:30:19  24.466  53.366 284.26  53.22  857 165.73  42.42 NADIR       
 2 Dec 2017 06:35:27  24.466  53.366  98.80  32.02 1194 150.24  37.55 NADIR   3   
 3 Dec 2017 07:18:18  24.466  53.366 282.88  75.57  726 162.01  41.34 NADIR       
 5 Dec 2017 07:06:16  24.466  53.366 101.65  77.68  720 158.43  40.10 NADIR       
 6 Dec 2017 07:48:58  24.466  53.366 286.35  31.64 1204 171.03  42.52 NADIR   3   
 7 Dec 2017 06:54:14  24.466  53.366 100.68  54.58  844 155.00  38.72 NADIR       
 8 Dec 2017 07:36:59  24.466  53.366 284.98  43.90  968 167.16  41.75 NADIR       
 9 Dec 2017 06:42:10  24.466  53.366  99.47  38.52 1055 151.72  37.22 NADIR       
10 Dec 2017 07:24:59  24.466  53.366 283.70  62.21  786 163.40  40.82 NADIR       
11 Dec 2017 06:30:06  24.466  53.366  98.28  27.72 1311 148.60  35.60 NADIR   3   
12 Dec 2017 07:12:58  24.466  53.366 281.12  87.30  705 159.76  39.74 NADIR       
13 Dec 2017 07:55:38  24.466  53.366 287.11  26.56 1348 172.24  42.00 NADIR   3   
14 Dec 2017 07:00:57  24.466  53.366 101.33  66.63  761 156.26  38.52 NADIR       
15 Dec 2017 07:43:40  24.466  53.366 285.73  36.45 1095 168.35  41.39 NADIR   3   
16 Dec 2017 06:48:54  24.466  53.366 100.09  46.69  929 152.89  37.16 NADIR       
17 Dec 2017 07:31:41  24.466  53.366 284.53  51.08  878 164.54  40.62 NADIR       
18 Dec 2017 06:36:51  24.466  53.366  98.94  33.25 1163 149.66  35.67 NADIR   3   
19 Dec 2017 07:19:41  24.466  53.366 283.33  72.58  735 160.84  39.69 NADIR       
20 Dec 2017 06:24:47  24.466  53.366  97.71  24.06 1432 146.58  34.07 NADIR   3   
21 Dec 2017 07:07:41  24.466  53.366 102.18  80.81  713 157.26  38.62 NADIR       
22 Dec 2017 07:50:23  24.466  53.366 286.51  30.45 1234 169.37  41.38 NADIR   3   
23 Dec 2017 06:55:39  24.466  53.366 100.76  56.96  823 153.80  37.40 NADIR       
24 Dec 2017 07:38:25  24.466  53.366 285.25  42.13  994 165.51  40.77 NADIR       
25 Dec 2017 06:43:37  24.466  53.366  99.59  40.13 1026 150.47  36.05 NADIR       
26 Dec 2017 07:26:26  24.466  53.366 284.05  59.59  804 161.74  39.99 NADIR       
27 Dec 2017 06:31:34  24.466  53.366  98.40  28.83 1278 147.28  34.58 NADIR   3   
28 Dec 2017 07:14:26  24.466  53.366 282.96  83.98  708 158.07  39.06 NADIR       
29 Dec 2017 07:57:06  24.466  53.366 287.27  25.56 1380 170.30  41.74 NADIR   3   
30 Dec 2017 07:02:25  24.466  53.366 101.59  69.61  747 154.51  37.98 NADIR       
31 Dec 2017 07:45:09  24.466  53.366 285.92  35.00 1125 166.38  41.28 NADIR   3   

