==================================================================================
                          MODIS-Aqua:  Viewing Times                               

* 1 = tilt in progress; 2 = tilt schedule unknown, estimated tilt               
  3 = Sat. view ang. > 45 deg; 4 = Possible sunglint; 5 = nighttime pass
  6 = old TLE, accuracy will be degraded
==================================================================================
   Date       Time     Lat      Lon    Sat.   Sat.  Range Sun    Sun   Tilt Flags*
             (UTC)    (DEG)    (DEG)   Azi.   Elev. (km)  Azi.   Elev.             
----------------------------------------------------------------------------------
19 Jan 2017 10:07:13  24.454  54.377 260.03  44.74  955 209.13  39.81 NADIR       
20 Jan 2017 09:12:22  24.454  54.377  74.43  37.86 1068 192.84  44.53 NADIR   3   
21 Jan 2017 09:55:01  24.454  54.377 258.66  64.11  775 205.85  41.54 NADIR       
22 Jan 2017 09:00:15  24.454  54.377  72.99  27.42 1321 188.81  45.51 NADIR   3   
23 Jan 2017 09:42:51  24.454  54.377  94.28  89.87  705 202.37  43.14 NADIR       
24 Jan 2017 10:25:38  24.454  54.377 261.85  26.95 1335 214.35  38.75 NADIR   3   
25 Jan 2017 09:30:40  24.454  54.377  76.36  64.02  775 198.70  44.61 NADIR       
26 Jan 2017 10:13:25  24.454  54.377 260.65  37.58 1072 211.36  40.74 NADIR   3   
27 Jan 2017 09:18:31  24.454  54.377  75.07  44.91  953 194.84  45.92 NADIR       
28 Jan 2017 10:01:12  24.454  54.377 259.45  53.42  855 208.17  42.62 NADIR       
29 Jan 2017 09:06:23  24.454  54.377  73.75  32.17 1190 190.78  47.07 NADIR   3   
30 Jan 2017 09:49:01  24.454  54.377 258.36  76.47  723 204.77  44.38 NADIR       
 1 Feb 2017 09:36:50  24.454  54.377  76.76  76.40  723 201.14  46.00 NADIR       
 2 Feb 2017 10:19:35  24.454  54.377 261.22  31.74 1200 214.04  41.76 NADIR   3   
 3 Feb 2017 09:24:40  24.454  54.377  75.63  53.56  854 197.29  47.48 NADIR       
 4 Feb 2017 10:07:22  24.454  54.377 260.06  44.65  956 210.96  43.79 NADIR       
 5 Feb 2017 09:12:31  24.454  54.377  74.39  37.92 1066 193.22  48.80 NADIR   3   
 6 Feb 2017 09:55:10  24.454  54.377 258.88  64.01  775 207.64  45.70 NADIR       
 7 Feb 2017 09:00:23  24.454  54.377  73.05  27.44 1320 188.93  49.94 NADIR   3   
 8 Feb 2017 09:42:58  24.454  54.377 151.26  89.92  705 204.09  47.49 NADIR       
 9 Feb 2017 10:25:45  24.454  54.377 261.78  26.92 1335 217.18  42.80 NADIR   3   
10 Feb 2017 09:30:48  24.454  54.377  76.29  64.08  775 200.27  49.14 NADIR       
11 Feb 2017 10:13:32  24.454  54.377 260.62  37.54 1073 214.23  44.98 NADIR   3   
12 Feb 2017 09:18:38  24.454  54.377  75.06  44.94  953 196.19  50.64 NADIR       
13 Feb 2017 10:01:19  24.454  54.377 259.50  53.39  855 211.04  47.04 NADIR       
14 Feb 2017 09:06:29  24.454  54.377  73.69  32.18 1190 191.86  51.96 NADIR   3   
15 Feb 2017 09:49:06  24.454  54.377 258.40  76.44  723 207.57  49.00 NADIR       
17 Feb 2017 09:36:55  24.454  54.377  76.84  76.41  723 203.82  50.82 NADIR    4  
18 Feb 2017 10:19:40  24.454  54.377 261.23  31.74 1200 218.00  46.11 NADIR   3   
19 Feb 2017 09:24:44  24.454  54.377  75.72  53.55  854 199.77  52.50 NADIR       
20 Feb 2017 10:07:27  24.454  54.377 260.04  44.67  956 214.95  48.33 NADIR       
21 Feb 2017 09:12:35  24.454  54.377  74.37  37.90 1067 195.40  54.01 NADIR   3   
22 Feb 2017 09:55:14  24.454  54.377 258.74  64.04  775 211.62  50.45 NADIR       
23 Feb 2017 09:00:26  24.454  54.377  73.07  27.43 1320 190.71  55.33 NADIR   3   
24 Feb 2017 09:43:02  24.454  54.377 116.39  89.89  705 207.97  52.45 NADIR       
25 Feb 2017 10:25:49  24.454  54.377 261.82  26.94 1335 222.23  47.13 NADIR   3   
26 Feb 2017 09:30:50  24.454  54.377  76.34  64.01  775 203.98  54.31 NADIR    4  
27 Feb 2017 10:13:34  24.454  54.377 260.63  37.59 1072 219.37  49.50 NADIR   3   
28 Feb 2017 09:18:40  24.454  54.377  75.01  44.88  954 199.62  56.02 NADIR       
 1 Mar 2017 10:01:21  24.454  54.377 259.47  53.47  854 216.22  51.77 NADIR       
 2 Mar 2017 09:06:31  24.454  54.377  73.69  32.14 1191 194.88  57.54 NADIR   3   
 3 Mar 2017 09:49:08  24.454  54.377 258.10  76.57  723 212.73  53.94 NADIR       
 5 Mar 2017 09:36:56  24.454  54.377  76.80  76.26  724 208.86  55.99 NADIR    4  
 6 Mar 2017 10:19:41  24.454  54.377 261.18  31.81 1199 224.23  50.47 NADIR   3   
 7 Mar 2017 09:24:45  24.454  54.377  75.77  53.44  855 204.56  57.90 NADIR    4  
 8 Mar 2017 10:07:27  24.454  54.377 260.03  44.78  955 221.31  52.90 NADIR       
 9 Mar 2017 09:12:35  24.454  54.377  74.43  37.82 1068 199.82  59.63 NADIR   3   
10 Mar 2017 09:55:13  24.454  54.377 258.66  64.23  774 218.04  55.23 NADIR       
11 Mar 2017 09:00:26  24.454  54.377  72.99  27.37 1323 194.59  61.17 NADIR   3   
12 Mar 2017 09:43:01  24.454  54.377  82.82  89.68  705 214.36  57.46 NADIR    4  
13 Mar 2017 10:25:47  24.454  54.377 261.79  27.03 1332 229.45  51.21 NADIR   3   
14 Mar 2017 09:30:49  24.454  54.377  76.33  63.82  777 210.23  59.57 NADIR    4  
15 Mar 2017 10:13:32  24.454  54.377 260.56  37.72 1070 226.80  53.77 NADIR   3   
16 Mar 2017 09:18:38  24.454  54.377  74.94  44.74  956 205.57  61.51 NADIR       
17 Mar 2017 10:01:18  24.454  54.377 259.45  53.68  853 223.81  56.26 NADIR       
18 Mar 2017 09:06:29  24.454  54.377  73.66  32.05 1194 200.33  63.28 NADIR   3   
19 Mar 2017 09:49:05  24.454  54.377 258.39  76.86  722 220.42  58.66 NADIR       
21 Mar 2017 09:36:53  24.454  54.377  76.73  75.97  725 216.55  60.95 NADIR    4  
22 Mar 2017 10:19:38  24.454  54.377 261.22  31.94 1196 232.57  54.35 NADIR   3   
23 Mar 2017 09:24:41  24.454  54.377  75.62  53.22  858 212.11  63.11 NADIR    4  
24 Mar 2017 10:07:23  24.454  54.377 259.94  44.99  952 229.92  56.97 NADIR       
25 Mar 2017 09:12:31  24.454  54.377  74.38  37.67 1072 206.99  65.11 NADIR   3   
26 Mar 2017 09:55:09  24.454  54.377 258.86  64.54  773 226.89  59.52 NADIR       
27 Mar 2017 09:00:21  24.454  54.377  72.98  27.26 1326 201.11  66.91 NADIR   3   
28 Mar 2017 09:42:56  24.454  54.377  74.97  89.30  705 223.39  61.99 NADIR    4  
29 Mar 2017 10:25:42  24.454  54.377 261.78  27.17 1329 238.44  54.63 NADIR   3   
30 Mar 2017 09:30:43  24.454  54.377  76.31  63.49  779 219.30  64.35 NADIR    4  
31 Mar 2017 10:13:27  24.454  54.377 260.61  37.92 1067 236.17  57.36 NADIR   3   
 1 Apr 2017 09:18:32  24.454  54.377  74.97  44.52  960 214.49  66.58 NADIR    4  
 2 Apr 2017 10:01:12  24.454  54.377 259.48  53.99  850 233.56  60.04 NADIR       
 3 Apr 2017 09:06:22  24.454  54.377  73.70  31.89 1198 208.81  68.64 NADIR   3   
 4 Apr 2017 09:48:58  24.454  54.377 258.28  77.30  721 230.52  62.65 NADIR       
 6 Apr 2017 09:36:45  24.454  54.377  76.98  75.52  726 226.92  65.19 NADIR    4  
 7 Apr 2017 10:19:30  24.454  54.377 261.20  32.14 1191 242.38  57.43 NADIR   3   
 8 Apr 2017 09:24:33  24.454  54.377  75.60  52.88  861 222.61  67.63 NADIR    4  
 9 Apr 2017 10:07:14  24.454  54.377 259.98  45.29  948 240.21  60.20 NADIR       
10 Apr 2017 09:12:22  24.454  54.377  74.30  37.44 1076 217.38  69.93 NADIR   3   
11 Apr 2017 09:55:00  24.454  54.377 258.88  64.99  770 237.67  62.94 NADIR       
12 Apr 2017 09:00:12  24.454  54.377  73.01  27.10 1332 210.97  72.05 NADIR   3   
13 Apr 2017 09:42:46  24.454  54.377  77.22  88.75  706 234.65  65.62 NADIR    4  
14 Apr 2017 10:25:32  24.454  54.377 261.78  27.35 1323 248.35  57.21 NADIR   3   
15 Apr 2017 09:30:34  24.454  54.377  76.19  63.02  782 231.00  68.23 NADIR    4  
16 Apr 2017 10:13:16  24.454  54.377 260.58  38.20 1061 246.60  60.05 NADIR   3   
17 Apr 2017 09:18:22  24.454  54.377  74.95  44.19  964 226.48  70.74 NADIR    4  
18 Apr 2017 10:01:01  24.454  54.377 259.39  54.42  846 244.57  62.87 NADIR       
19 Apr 2017 09:06:11  24.454  54.377  73.63  31.66 1204 220.76  73.12 NADIR   3   
20 Apr 2017 09:48:47  24.454  54.377 257.82  77.90  720 242.16  65.66 NADIR       
22 Apr 2017 09:36:33  24.454  54.377  77.06  74.92  728 239.23  68.40 NADIR    4  
23 Apr 2017 10:19:18  24.454  54.377 261.21  32.39 1185 252.57  59.64 NADIR   3   
24 Apr 2017 09:24:21  24.454  54.377  75.51  52.43  865 235.58  71.08 NADIR    4  
25 Apr 2017 10:07:02  24.454  54.377 259.97  45.68  943 251.00  62.51 NADIR       
26 Apr 2017 09:12:09  24.454  54.377  74.27  37.13 1082 230.86  73.67 NADIR   3   
27 Apr 2017 09:54:47  24.454  54.377 258.79  65.58  767 249.15  65.37 NADIR       
28 Apr 2017 08:59:59  24.454  54.377  72.93  26.88 1338 224.58  76.12 NADIR   3   
29 Apr 2017 09:42:33  24.454  54.377  76.34  88.04  706 246.92  68.20 NADIR    4  
30 Apr 2017 10:25:18  24.454  54.377 261.74  27.58 1316 257.96  59.02 NADIR   3   
 1 May 2017 09:30:19  24.454  54.377  76.18  62.42  785 244.14  70.99 NADIR    4  
 2 May 2017 10:13:02  24.454  54.377 260.50  38.54 1055 256.77  61.93 NADIR       
 3 May 2017 09:18:07  24.454  54.377  74.97  43.77  970 240.55  73.73 NADIR    4  
 4 May 2017 10:00:46  24.454  54.377 259.39  54.96  841 255.40  64.82 NADIR       
 5 May 2017 09:05:56  24.454  54.377  73.58  31.37 1211 235.69  76.39 NADIR   3   
 6 May 2017 09:48:31  24.454  54.377 258.28  78.65  718 253.77  67.70 NADIR    4  
 8 May 2017 09:36:17  24.454  54.377  76.80  74.16  730 251.77  70.56 NADIR    4  
 9 May 2017 10:19:01  24.454  54.377 261.10  32.70 1177 261.81  61.18 NADIR   3   
10 May 2017 09:24:04  24.454  54.377  75.61  51.87  871 249.21  73.39 NADIR    4  
11 May 2017 10:06:45  24.454  54.377 259.92  46.16  936 260.80  64.09 NADIR       
12 May 2017 09:11:52  24.454  54.377  74.25  36.74 1089 245.77  76.18 NADIR   3   
13 May 2017 09:54:29  24.454  54.377 258.88  66.30  763 259.62  67.00 NADIR       
14 May 2017 08:59:41  24.454  54.377  72.86  26.60 1347 240.81  78.91 NADIR   3   
15 May 2017 09:42:15  24.454  54.377  78.81  87.17  706 258.22  69.89 NADIR    4  
16 May 2017 10:25:00  24.454  54.377 261.68  27.86 1307 266.07  60.33 NADIR   3   
17 May 2017 09:30:01  24.454  54.377  76.19  61.69  790 256.48  72.77 NADIR    4  
18 May 2017 10:12:43  24.454  54.377 260.52  38.97 1047 265.30  63.25 NADIR       
19 May 2017 09:17:48  24.454  54.377  74.88  43.26  977 254.19  75.63 NADIR    4  
20 May 2017 10:00:27  24.454  54.377 259.19  55.62  835 264.44  66.17 NADIR       
21 May 2017 09:05:36  24.454  54.377  73.54  31.01 1219 250.96  78.46 NADIR   3   
22 May 2017 09:48:11  24.454  54.377 258.09  79.57  715 263.44  69.08 NADIR    4  
24 May 2017 09:35:57  24.454  54.377  76.61  73.25  733 262.25  71.98 NADIR    4  
25 May 2017 10:18:40  24.454  54.377 261.07  33.07 1168 268.92  62.35 NADIR   3   
26 May 2017 09:23:43  24.454  54.377  75.57  51.20  877 260.75  74.87 NADIR    4  
27 May 2017 10:06:23  24.454  54.377 259.85  46.74  928 268.23  65.27 NADIR       
28 May 2017 09:11:31  24.454  54.377  74.26  36.29 1098 258.73  77.74 NADIR   3   
29 May 2017 09:54:07  24.454  54.377 258.67  67.19  758 267.47  68.18 NADIR       
30 May 2017 08:59:19  24.454  54.377  72.87  26.28 1356 255.70  80.60 NADIR   3   
31 May 2017 09:41:52  24.454  54.377  78.42  86.13  706 266.59  71.09 NADIR    4  

