==================================================================================
                          MODIS-Aqua:  Viewing Times                               

* 1 = tilt in progress; 2 = tilt schedule unknown, estimated tilt               
  3 = Sat. view ang. > 45 deg; 4 = Possible sunglint; 5 = nighttime pass
  6 = old TLE, accuracy will be degraded
==================================================================================
   Date       Time     Lat      Lon    Sat.   Sat.  Range Sun    Sun   Tilt Flags*
             (UTC)    (DEG)    (DEG)   Azi.   Elev. (km)  Azi.   Elev.             
----------------------------------------------------------------------------------
 1 Jan 2018 09:48:57  24.454  54.377 258.24  77.07  722 204.61  38.49 NADIR       
 3 Jan 2018 09:36:44  24.454  54.377  77.08  75.76  725 201.09  39.81 NADIR       
 4 Jan 2018 10:19:29  24.454  54.377 261.18  32.04 1194 212.20  35.58 NADIR   3   
 5 Jan 2018 09:24:32  24.454  54.377  75.65  53.06  859 197.43  41.00 NADIR       
 6 Jan 2018 10:07:13  24.454  54.377 260.07  45.15  951 209.08  37.30 NADIR       
 7 Jan 2018 09:12:21  24.454  54.377  74.35  37.56 1074 193.63  42.03 NADIR   3   
 8 Jan 2018 09:54:59  24.454  54.377 258.80  64.78  771 205.80  38.90 NADIR       
 9 Jan 2018 09:00:11  24.454  54.377  73.04  27.19 1329 189.71  42.89 NADIR   3   
10 Jan 2018 09:42:45  24.454  54.377  72.99  89.01  706 202.35  40.38 NADIR       
11 Jan 2018 10:25:31  24.454  54.377 261.76  27.27 1326 213.54  35.99 NADIR   3   
12 Jan 2018 09:30:32  24.454  54.377  76.26  63.25  781 198.73  41.71 NADIR       
13 Jan 2018 10:13:15  24.454  54.377 260.57  38.09 1064 210.52  37.84 NADIR   3   
14 Jan 2018 09:18:21  24.454  54.377  74.96  44.35  962 194.96  42.89 NADIR       
15 Jan 2018 10:01:00  24.454  54.377 259.39  54.25  848 207.32  39.58 NADIR       
16 Jan 2018 09:06:10  24.454  54.377  73.63  31.77 1201 191.04  43.90 NADIR   3   
17 Jan 2018 09:48:46  24.454  54.377 258.53  77.65  721 203.94  41.20 NADIR       
19 Jan 2018 09:36:32  24.454  54.377  76.82  75.17  728 200.38  42.68 NADIR       
20 Jan 2018 10:19:16  24.454  54.377 261.19  32.30 1188 212.34  38.58 NADIR   3   
21 Jan 2018 09:24:19  24.454  54.377  75.72  52.63  864 196.63  44.01 NADIR       
22 Jan 2018 10:07:00  24.454  54.377 259.97  45.55  946 209.24  40.46 NADIR       
23 Jan 2018 09:12:08  24.454  54.377  74.26  37.27 1080 192.71  45.19 NADIR   3   
24 Jan 2018 09:54:45  24.454  54.377 258.65  65.37  769 205.93  42.22 NADIR       
25 Jan 2018 08:59:57  24.454  54.377  72.97  26.98 1336 188.62  46.20 NADIR   3   
26 Jan 2018 09:42:31  24.454  54.377  76.90  88.31  706 202.43  43.86 NADIR       
27 Jan 2018 10:25:17  24.454  54.377 261.75  27.51 1319 214.59  39.46 NADIR   3   
28 Jan 2018 09:30:18  24.454  54.377  76.33  62.65  784 198.71  45.35 NADIR       
29 Jan 2018 10:13:00  24.454  54.377 260.58  38.44 1058 211.58  41.47 NADIR       
30 Jan 2018 09:18:05  24.454  54.377  74.98  43.93  968 194.79  46.69 NADIR       
31 Jan 2018 10:00:44  24.454  54.377 259.26  54.80  843 208.37  43.39 NADIR       
 1 Feb 2018 09:05:54  24.454  54.377  73.63  31.49 1209 190.67  47.86 NADIR   3   
 2 Feb 2018 09:48:29  24.454  54.377 258.24  78.41  719 204.93  45.18 NADIR       
 4 Feb 2018 09:36:15  24.454  54.377  76.95  74.41  730 201.26  46.83 NADIR       
 5 Feb 2018 10:18:59  24.454  54.377 261.11  32.62 1180 214.39  42.57 NADIR   3   
 6 Feb 2018 09:24:02  24.454  54.377  75.56  52.06  870 197.35  48.34 NADIR       
 7 Feb 2018 10:06:42  24.454  54.377 259.90  46.04  939 211.28  44.62 NADIR       
 8 Feb 2018 09:11:50  24.454  54.377  74.23  36.87 1088 193.20  49.68 NADIR   3   
 9 Feb 2018 09:54:27  24.454  54.377 258.55  66.11  764 207.93  46.57 NADIR       
10 Feb 2018 08:59:38  24.454  54.377  72.93  26.69 1345 188.83  50.84 NADIR   3   
11 Feb 2018 09:42:12  24.454  54.377  77.20  87.40  706 204.33  48.39 NADIR       
12 Feb 2018 10:24:57  24.454  54.377 261.71  27.80 1309 217.67  43.66 NADIR   3   
13 Feb 2018 09:29:58  24.454  54.377  76.07  61.89  789 200.45  50.07 NADIR       
14 Feb 2018 10:12:40  24.454  54.377 260.55  38.88 1049 214.70  45.86 NADIR       
15 Feb 2018 09:17:45  24.454  54.377  74.91  43.40  975 196.29  51.59 NADIR       
16 Feb 2018 10:00:23  24.454  54.377 259.26  55.48  837 211.46  47.96 NADIR       
17 Feb 2018 09:05:33  24.454  54.377  73.55  31.11 1217 191.85  52.93 NADIR   3   
18 Feb 2018 09:48:08  24.454  54.377 257.82  79.36  716 207.95  49.95 NADIR       
20 Feb 2018 09:35:53  24.454  54.377  76.72  73.45  732 204.13  51.80 NADIR    4  
21 Feb 2018 10:18:36  24.454  54.377 261.11  33.01 1170 218.60  47.03 NADIR   3   
22 Feb 2018 09:23:39  24.454  54.377  75.58  51.34  876 199.99  53.50 NADIR       
23 Feb 2018 10:06:19  24.454  54.377 259.94  46.64  930 215.52  49.28 NADIR       
24 Feb 2018 09:11:26  24.454  54.377  74.21  36.38 1096 195.51  55.03 NADIR   3   
25 Feb 2018 09:54:03  24.454  54.377 258.74  67.03  759 212.14  51.43 NADIR       
26 Feb 2018 08:59:15  24.454  54.377  72.88  26.34 1355 190.69  56.37 NADIR   3   
27 Feb 2018 09:41:48  24.454  54.377  77.25  86.31  706 208.43  53.46 NADIR       
28 Feb 2018 10:24:32  24.454  54.377 261.66  28.14 1298 222.96  48.06 NADIR   3   
 1 Mar 2018 09:29:33  24.454  54.377  76.21  60.97  794 204.35  55.35 NADIR    4  
 2 Mar 2018 10:12:14  24.454  54.377 260.41  39.40 1039 220.08  50.46 NADIR       
 3 Mar 2018 09:17:19  24.454  54.377  74.84  42.75  984 199.87  57.08 NADIR       
 4 Mar 2018 09:59:57  24.454  54.377 259.29  56.30  829 216.88  52.77 NADIR       
 5 Mar 2018 09:05:07  24.454  54.377  73.55  30.66 1228 194.98  58.62 NADIR   3   
 6 Mar 2018 09:47:41  24.454  54.377 258.07  80.51  713 213.33  54.97 NADIR       
 7 Mar 2018 10:30:27  24.454  54.377 262.21  24.06 1432 227.71  48.90 NADIR   3   
 8 Mar 2018 09:35:26  24.454  54.377  76.78  72.32  736 209.38  57.04 NADIR    4  
 9 Mar 2018 10:18:09  24.454  54.377 261.04  33.47 1158 225.07  51.43 NADIR   3   
10 Mar 2018 09:23:11  24.454  54.377  75.41  50.51  884 204.97  58.97 NADIR    4  
11 Mar 2018 10:05:51  24.454  54.377 259.87  47.37  920 222.11  53.89 NADIR       
12 Mar 2018 09:10:58  24.454  54.377  74.17  35.81 1107 200.07  60.73 NADIR   3   
13 Mar 2018 09:53:34  24.454  54.377 258.70  68.13  753 218.79  56.26 NADIR       
14 Mar 2018 08:58:45  24.454  54.377  72.82  25.94 1367 194.64  62.27 NADIR   3   
15 Mar 2018 09:41:18  24.454  54.377  77.04  85.01  707 215.04  58.51 NADIR    4  
16 Mar 2018 10:24:02  24.454  54.377 261.62  28.56 1285 230.39  52.16 NADIR   3   
17 Mar 2018 09:29:03  24.454  54.377  76.10  59.91  801 210.80  60.64 NADIR    4  
18 Mar 2018 10:11:44  24.454  54.377 260.39  40.05 1027 227.72  54.75 NADIR       
19 Mar 2018 09:16:48  24.454  54.377  74.86  42.03  995 205.99  62.62 NADIR       
20 Mar 2018 09:59:26  24.454  54.377 259.12  57.31  820 224.70  57.27 NADIR       
21 Mar 2018 09:04:35  24.454  54.377  73.47  30.16 1241 200.54  64.40 NADIR   3   
22 Mar 2018 09:47:09  24.454  54.377 257.58  81.87  710 221.25  59.70 NADIR       
23 Mar 2018 10:29:55  24.454  54.377 262.19  24.44 1417 235.92  52.61 NADIR   3   
24 Mar 2018 09:34:53  24.454  54.377  76.53  71.03  740 217.29  62.02 NADIR    4  
25 Mar 2018 10:17:36  24.454  54.377 260.95  34.05 1144 233.58  55.31 NADIR   3   
26 Mar 2018 09:22:38  24.454  54.377  75.42  49.59  894 212.70  64.21 NADIR    4  
27 Mar 2018 10:05:17  24.454  54.377 259.79  48.25  909 230.92  57.96 NADIR       
28 Mar 2018 09:10:24  24.454  54.377  74.15  35.19 1120 207.38  66.23 NADIR   3   
29 Mar 2018 09:53:00  24.454  54.377 258.55  69.44  747 227.85  60.54 NADIR       
30 Mar 2018 08:58:11  24.454  54.377  72.70  25.50 1381 201.22  68.03 NADIR   3   
31 Mar 2018 09:40:43  24.454  54.377  77.36  83.53  708 224.28  63.04 NADIR    4  
 1 Apr 2018 10:23:27  24.454  54.377 261.55  29.08 1270 239.52  55.57 NADIR   3   
 2 Apr 2018 09:28:27  24.454  54.377  76.10  58.74  809 220.07  65.43 NADIR    4  
 3 Apr 2018 10:11:08  24.454  54.377 260.32  40.83 1014 237.24  58.33 NADIR       
 4 Apr 2018 09:16:13  24.454  54.377  74.72  41.24 1007 215.08  67.68 NADIR    4  
 5 Apr 2018 09:58:50  24.454  54.377 259.24  58.50  811 234.61  61.03 NADIR       
 6 Apr 2018 09:03:59  24.454  54.377  73.34  29.63 1255 209.12  69.75 NADIR   3   
 7 Apr 2018 09:46:32  24.454  54.377 257.32  83.43  708 231.52  63.68 NADIR    4  
 8 Apr 2018 10:29:17  24.454  54.377 262.11  24.91 1401 245.35  55.54 NADIR   3   
 9 Apr 2018 09:34:16  24.454  54.377  76.57  69.60  747 227.85  66.24 NADIR    4  
10 Apr 2018 10:16:58  24.454  54.377 260.88  34.73 1130 243.48  58.38 NADIR   3   
11 Apr 2018 09:22:00  24.454  54.377  75.39  48.59  906 223.39  68.70 NADIR    4  
12 Apr 2018 10:04:39  24.454  54.377 259.71  49.30  897 241.31  61.18 NADIR       
13 Apr 2018 09:09:46  24.454  54.377  74.02  34.53 1135 217.92  71.03 NADIR   3   
14 Apr 2018 09:52:21  24.454  54.377 258.43  70.95  741 238.75  63.94 NADIR       
15 Apr 2018 08:57:32  24.454  54.377  72.65  25.04 1398 211.12  73.15 NADIR   3   
16 Apr 2018 09:40:04  24.454  54.377  76.67  81.88  711 235.69  66.64 NADIR    4  
17 Apr 2018 10:22:47  24.454  54.377 261.47  29.69 1254 249.43  58.15 NADIR   3   
18 Apr 2018 09:27:47  24.454  54.377  75.91  57.47  820 231.94  69.28 NADIR    4  
19 Apr 2018 10:10:27  24.454  54.377 260.25  41.74 1000 247.70  61.02 NADIR       
20 Apr 2018 09:15:32  24.454  54.377  74.69  40.40 1022 227.24  71.82 NADIR    4  
21 Apr 2018 09:58:08  24.454  54.377 259.11  59.87  802 245.68  63.86 NADIR       
22 Apr 2018 09:03:17  24.454  54.377  73.31  29.06 1272 221.19  74.21 NADIR   3   
23 Apr 2018 09:45:50  24.454  54.377 257.99  85.18  707 243.25  66.66 NADIR    4  
24 Apr 2018 10:28:35  24.454  54.377 262.02  25.47 1383 254.96  57.69 NADIR   3   
25 Apr 2018 09:33:33  24.454  54.377  76.35  68.03  754 240.27  69.43 NADIR    4  
26 Apr 2018 10:16:14  24.454  54.377 260.79  35.53 1114 253.62  60.60 NADIR   3   
27 Apr 2018 09:21:17  24.454  54.377  75.27  47.51  920 236.50  72.13 NADIR    4  
28 Apr 2018 10:03:55  24.454  54.377 259.59  50.51  885 252.06  63.49 NADIR       
29 Apr 2018 09:09:02  24.454  54.377  73.92  33.81 1152 231.55  74.74 NADIR   3   
30 Apr 2018 09:51:37  24.454  54.377 258.57  72.66  735 250.22  66.37 NADIR       
 1 May 2018 08:56:48  24.454  54.377  72.56  24.54 1417 224.80  77.21 NADIR   3   
 2 May 2018 09:39:19  24.454  54.377  77.10  80.06  715 247.98  69.21 NADIR    4  
 3 May 2018 10:22:02  24.454  54.377 261.44  30.39 1236 258.92  59.99 NADIR   3   
 4 May 2018 09:27:02  24.454  54.377  75.80  56.10  832 245.15  72.03 NADIR    4  
 5 May 2018 10:09:41  24.454  54.377 260.22  42.79  984 257.76  62.91 NADIR       
 6 May 2018 09:14:46  24.454  54.377  74.50  39.49 1039 241.42  74.79 NADIR    4  
 7 May 2018 09:57:22  24.454  54.377 259.13  61.43  792 256.40  65.82 NADIR       
 8 May 2018 09:02:31  24.454  54.377  73.16  28.44 1291 236.25  77.47 NADIR   3   
 9 May 2018 09:45:04  24.454  54.377 258.55  87.13  706 254.77  68.72 NADIR    4  
10 May 2018 10:27:48  24.454  54.377 261.97  26.08 1364 263.55  59.25 NADIR   3   
11 May 2018 09:32:46  24.454  54.377  76.28  66.34  763 252.76  71.60 NADIR    4  
12 May 2018 10:15:27  24.454  54.377 260.74  36.43 1096 262.67  62.19 NADIR   3   
13 May 2018 09:20:29  24.454  54.377  75.19  46.34  935 250.14  74.45 NADIR    4  
14 May 2018 10:03:07  24.454  54.377 259.54  51.87  871 261.67  65.12 NADIR       
15 May 2018 09:08:14  24.454  54.377  73.85  33.03 1171 246.53  77.26 NADIR   3   
16 May 2018 09:50:47  24.454  54.377 258.12  74.57  729 260.50  68.04 NADIR       
17 May 2018 08:55:59  24.454  54.377  72.42  23.99 1437 241.14  80.00 NADIR   3   
18 May 2018 09:38:29  24.454  54.377  77.05  78.08  720 259.11  70.95 NADIR    4  
19 May 2018 10:21:11  24.454  54.377 261.30  31.17 1216 266.77  61.38 NADIR   3   
20 May 2018 09:26:12  24.454  54.377  75.73  54.62  845 257.34  73.84 NADIR    4  
21 May 2018 10:08:50  24.454  54.377 260.05  43.95  968 266.00  64.31 NADIR       
22 May 2018 09:13:55  24.454  54.377  74.44  38.50 1057 254.98  76.72 NADIR       
23 May 2018 09:56:31  24.454  54.377 258.87  63.17  781 265.15  67.24 NADIR       
24 May 2018 09:01:40  24.454  54.377  73.08  27.76 1312 251.53  79.56 NADIR   3   
25 May 2018 09:44:12  24.454  54.377 252.63  89.26  706 264.15  70.16 NADIR    4  
26 May 2018 10:26:55  24.454  54.377 261.83  26.76 1342 270.06  60.53 NADIR   3   
27 May 2018 09:31:53  24.454  54.377  76.43  64.51  773 262.95  73.08 NADIR    4  
28 May 2018 10:14:34  24.454  54.377 260.60  37.42 1077 269.42  63.46 NADIR   3   
29 May 2018 09:19:36  24.454  54.377  74.97  45.08  952 261.41  75.98 NADIR    4  
30 May 2018 10:02:13  24.454  54.377 259.36  53.38  856 268.73  66.39 NADIR       
31 May 2018 09:07:20  24.454  54.377  73.76  32.18 1191 259.27  78.87 NADIR   3   
 1 Jun 2018 09:49:53  24.454  54.377 258.22  76.68  723 267.95  69.31 NADIR       
 3 Jun 2018 09:37:35  24.454  54.377  76.80  75.93  725 267.04  72.23 NADIR    4  
 4 Jun 2018 10:20:16  24.454  54.377 261.19  32.02 1194 271.97  62.58 NADIR   3   
 5 Jun 2018 09:25:17  24.454  54.377  75.59  53.03  860 265.94  75.15 NADIR    4  
 6 Jun 2018 10:07:55  24.454  54.377 259.93  45.24  949 271.31  65.51 NADIR       
 7 Jun 2018 09:13:00  24.454  54.377  74.32  37.43 1076 264.49  78.05 NADIR   3   
 8 Jun 2018 09:55:34  24.454  54.377 258.72  65.10  769 270.59  68.43 NADIR       
 9 Jun 2018 09:00:44  24.454  54.377  72.96  27.02 1334 262.35  80.94 NADIR   3   
10 Jun 2018 09:43:15  24.454  54.377  76.81  88.40  705 269.77  71.35 NADIR    4  
11 Jun 2018 10:25:57  24.454  54.377 261.74  27.49 1318 273.69  61.70 NADIR   3   
12 Jun 2018 09:30:56  24.454  54.377  76.18  62.55  784 268.79  74.26 NADIR    4  
13 Jun 2018 10:13:35  24.454  54.377 260.52  38.51 1055 272.97  64.62 NADIR       
14 Jun 2018 09:18:38  24.454  54.377  74.91  43.74  970 267.55  77.17 NADIR    4  
15 Jun 2018 10:01:14  24.454  54.377 259.29  55.07  840 272.17  67.54 NADIR       
16 Jun 2018 09:06:21  24.454  54.377  73.60  31.27 1213 265.82  80.07 NADIR   3   
17 Jun 2018 09:48:54  24.454  54.377 258.24  79.00  717 271.27  70.45 NADIR    4  
19 Jun 2018 09:36:35  24.454  54.377  77.03  73.63  731 270.19  73.36 NADIR    4  
20 Jun 2018 10:19:16  24.454  54.377 261.15  32.95 1171 273.77  63.71 NADIR   3   
21 Jun 2018 09:24:16  24.454  54.377  75.46  51.34  876 268.84  76.26 NADIR    4  
22 Jun 2018 10:06:54  24.454  54.377 259.80  46.67  929 272.81  66.61 NADIR       
23 Jun 2018 09:11:59  24.454  54.377  74.19  36.30 1098 266.97  79.15 NADIR   3   
24 Jun 2018 09:54:33  24.454  54.377 258.57  67.24  757 271.70  69.51 NADIR       
25 Jun 2018 08:59:42  24.454  54.377  72.82  26.23 1358 264.05  82.02 NADIR   3   
26 Jun 2018 09:42:13  24.454  54.377  77.47  85.87  706 270.36  72.41 NADIR    4  
27 Jun 2018 10:24:55  24.454  54.377 261.66  28.31 1293 273.81  62.75 NADIR   3   
28 Jun 2018 09:29:53  24.454  54.377  76.11  60.48  797 268.67  75.30 NADIR    4  
29 Jun 2018 10:12:32  24.454  54.377 260.45  39.74 1032 272.61  65.64 NADIR       
30 Jun 2018 09:17:35  24.454  54.377  74.83  42.33  990 266.35  78.17 NADIR    4  
 1 Jul 2018 10:00:11  24.454  54.377 259.27  56.95  823 271.21  68.52 NADIR       
 2 Jul 2018 09:05:18  24.454  54.377  73.50  30.31 1237 262.82  81.02 NADIR   3   
 3 Jul 2018 09:47:50  24.454  54.377 257.67  81.55  711 269.51  71.39 NADIR    4  
 4 Jul 2018 10:30:33  24.454  54.377 262.17  24.38 1420 273.18  61.70 NADIR   3   
 5 Jul 2018 09:35:30  24.454  54.377  76.75  71.18  740 267.35  74.25 NADIR    4  
 6 Jul 2018 10:18:10  24.454  54.377 260.95  34.01 1145 271.69  64.57 NADIR   3   
 7 Jul 2018 09:23:11  24.454  54.377  75.44  49.60  894 264.44  77.08 NADIR    4  
 8 Jul 2018 10:05:48  24.454  54.377 259.82  48.29  909 269.95  67.42 NADIR       
 9 Jul 2018 09:10:53  24.454  54.377  74.05  35.13 1121 260.13  79.88 NADIR   3   
10 Jul 2018 09:53:26  24.454  54.377 258.41  69.63  746 267.84  70.25 NADIR       
11 Jul 2018 08:58:35  24.454  54.377  72.67  25.41 1384 252.92  82.58 NADIR   3   
12 Jul 2018 09:41:05  24.454  54.377  77.44  83.16  709 265.18  73.06 NADIR    4  
13 Jul 2018 10:23:47  24.454  54.377 261.50  29.23 1265 270.19  63.36 NADIR   3   
14 Jul 2018 09:28:45  24.454  54.377  76.04  58.33  812 261.64  75.84 NADIR    4  
15 Jul 2018 10:11:24  24.454  54.377 260.28  41.13 1008 268.09  66.16 NADIR       
16 Jul 2018 09:16:26  24.454  54.377  74.74  40.89 1013 256.62  78.55 NADIR       
17 Jul 2018 09:59:01  24.454  54.377 259.05  59.08  806 265.57  68.94 NADIR       
18 Jul 2018 09:04:09  24.454  54.377  73.32  29.33 1263 248.83  81.13 NADIR   3   
19 Jul 2018 09:46:40  24.454  54.377 257.90  84.33  707 262.44  71.69 NADIR    4  
20 Jul 2018 10:29:23  24.454  54.377 262.09  25.20 1391 268.24  61.97 NADIR   3   
21 Jul 2018 09:34:19  24.454  54.377  76.59  68.64  750 258.37  74.38 NADIR    4  
22 Jul 2018 10:16:59  24.454  54.377 260.90  35.21 1119 265.82  64.71 NADIR   3   
23 Jul 2018 09:22:00  24.454  54.377  75.18  47.82  915 252.83  76.97 NADIR    4  
24 Jul 2018 10:04:36  24.454  54.377 259.68  50.13  888 262.93  67.42 NADIR       
25 Jul 2018 09:09:41  24.454  54.377  73.93  33.95 1147 244.84  79.42 NADIR   3   
26 Jul 2018 09:52:14  24.454  54.377 258.49  72.28  735 259.40  70.08 NADIR       
27 Jul 2018 08:57:24  24.454  54.377  72.55  24.59 1413 232.69  81.57 NADIR   3   
28 Jul 2018 09:39:53  24.454  54.377  76.95  80.29  713 254.95  72.66 NADIR    4  
29 Jul 2018 10:22:34  24.454  54.377 261.38  30.28 1237 263.29  63.03 NADIR   3   
30 Jul 2018 09:27:32  24.454  54.377  75.86  56.14  830 249.14  75.13 NADIR    4  

