==================================================================================
                          MODIS-Terra:  Viewing Times                               

* 1 = tilt in progress; 2 = tilt schedule unknown, estimated tilt               
  3 = Sat. view ang. > 45 deg; 4 = Possible sunglint; 5 = nighttime pass
  6 = old TLE, accuracy will be degraded
==================================================================================
   Date       Time     Lat      Lon    Sat.   Sat.  Range Sun    Sun   Tilt Flags*
             (UTC)    (DEG)    (DEG)   Azi.   Elev. (km)  Azi.   Elev.             
----------------------------------------------------------------------------------
 1 Jan 2018 06:39:20  24.454  54.377  99.53  39.63 1036 149.33  35.98 NADIR       
 2 Jan 2018 07:22:01  24.454  54.377 283.80  60.69  797 160.49  40.15 NADIR       
 3 Jan 2018 06:27:02  24.454  54.377  98.33  28.31 1295 146.05  34.53 NADIR   3   
 4 Jan 2018 07:09:47  24.454  54.377 282.89  85.91  707 156.72  39.24 NADIR       
 5 Jan 2018 07:52:20  24.454  54.377 287.17  26.25 1359 168.93  42.18 NADIR   3   
 6 Jan 2018 06:57:32  24.454  54.377 101.41  67.41  758 153.07  38.17 NADIR       
 7 Jan 2018 07:40:08  24.454  54.377 285.76  36.23 1101 164.90  41.74 NADIR   3   
 8 Jan 2018 06:45:15  24.454  54.377 100.17  46.92  927 149.54  36.96 NADIR       
 9 Jan 2018 07:27:55  24.454  54.377 284.46  51.10  879 160.94  41.13 NADIR       
10 Jan 2018 06:32:57  24.454  54.377  98.87  33.19 1166 146.15  35.61 NADIR   3   
11 Jan 2018 07:15:40  24.454  54.377 283.47  73.09  734 157.07  40.34 NADIR       
13 Jan 2018 07:03:25  24.454  54.377 102.12  79.75  716 153.30  39.40 NADIR       
14 Jan 2018 07:45:59  24.454  54.377 286.49  30.99 1221 165.47  42.96 NADIR   3   
15 Jan 2018 06:51:09  24.454  54.377 100.69  55.75  835 149.65  38.29 NADIR       
16 Jan 2018 07:33:47  24.454  54.377 285.07  43.22  978 161.40  42.47 NADIR       
17 Jan 2018 06:38:51  24.454  54.377  99.43  39.04 1046 146.13  37.05 NADIR       
18 Jan 2018 07:21:32  24.454  54.377 283.86  61.65  791 157.39  41.81 NADIR       
19 Jan 2018 06:26:32  24.454  54.377  98.31  27.89 1307 142.74  35.67 NADIR   3   
20 Jan 2018 07:09:17  24.454  54.377 281.87  87.15  706 153.49  40.97 NADIR       
21 Jan 2018 07:51:49  24.454  54.377 287.09  26.63 1347 166.13  44.52 NADIR   3   
22 Jan 2018 06:57:00  24.454  54.377 101.44  66.28  763 149.70  39.98 NADIR       
23 Jan 2018 07:39:36  24.454  54.377 285.79  36.80 1089 161.91  44.16 NADIR   3   
24 Jan 2018 06:44:43  24.454  54.377 100.15  46.10  938 146.04  38.83 NADIR       
25 Jan 2018 07:27:22  24.454  54.377 284.38  51.98  870 157.76  43.62 NADIR       
26 Jan 2018 06:32:24  24.454  54.377  98.91  32.63 1179 142.51  37.54 NADIR   3   
27 Jan 2018 07:15:06  24.454  54.377 282.96  74.39  729 153.70  42.89 NADIR       
29 Jan 2018 07:02:50  24.454  54.377 101.45  78.33  718 149.75  41.99 NADIR       
30 Jan 2018 07:45:24  24.454  54.377 286.36  31.51 1207 162.56  46.17 NADIR   3   
31 Jan 2018 06:50:32  24.454  54.377 100.63  54.65  844 145.93  40.94 NADIR       
 1 Feb 2018 07:33:09  24.454  54.377 285.05  44.03  966 158.23  45.74 NADIR       
 2 Feb 2018 06:38:13  24.454  54.377  99.46  38.28 1059 142.24  39.73 NADIR       
 3 Feb 2018 07:20:54  24.454  54.377 283.87  62.89  782 153.98  45.12 NADIR       
 4 Feb 2018 06:25:54  24.454  54.377  98.26  27.36 1322 138.70  38.38 NADIR   3   
 5 Feb 2018 07:08:37  24.454  54.377 282.33  88.75  705 149.84  44.32 NADIR       
 6 Feb 2018 07:51:10  24.454  54.377 287.00  27.10 1331 163.41  48.46 NADIR   3   
 7 Feb 2018 06:56:20  24.454  54.377 101.31  64.85  770 145.83  43.34 NADIR       
 8 Feb 2018 07:38:55  24.454  54.377 285.67  37.52 1074 158.86  48.15 NADIR   3   
 9 Feb 2018 06:44:01  24.454  54.377  99.92  45.09  950 141.96  42.21 NADIR       
10 Feb 2018 07:26:40  24.454  54.377 284.40  53.12  858 154.39  47.63 NADIR       
11 Feb 2018 06:31:41  24.454  54.377  98.75  31.93 1195 138.25  40.92 NADIR   3   
12 Feb 2018 07:14:23  24.454  54.377 283.16  76.02  724 150.02  46.91 NADIR       
14 Feb 2018 07:02:05  24.454  54.377 101.69  76.60  722 145.78  46.02 NADIR       
15 Feb 2018 07:44:39  24.454  54.377 286.28  32.16 1190 159.71  50.80 NADIR   3   
16 Feb 2018 06:49:46  24.454  54.377 100.64  53.33  855 141.70  44.94 NADIR       
17 Feb 2018 07:32:23  24.454  54.377 284.95  45.04  951 154.96  50.38 NADIR       
18 Feb 2018 06:37:26  24.454  54.377  99.35  37.38 1076 137.78  43.71 NADIR   3   
19 Feb 2018 07:20:07  24.454  54.377 283.76  64.45  772 150.32  49.75 NADIR    4  
20 Feb 2018 06:25:05  24.454  54.377  98.17  26.72 1341 134.04  42.32 NADIR   3   
21 Feb 2018 07:07:49  24.454  54.377 105.41  89.31  704 145.81  48.91 NADIR       
22 Feb 2018 07:50:21  24.454  54.377 286.94  27.70 1311 160.84  53.64 NADIR   3   
23 Feb 2018 06:55:30  24.454  54.377 101.05  63.17  779 141.47  47.89 NADIR       
24 Feb 2018 07:38:05  24.454  54.377 285.61  38.42 1056 155.76  53.32 NADIR       
25 Feb 2018 06:43:10  24.454  54.377  99.89  43.92  966 137.32  46.70 NADIR       
26 Feb 2018 07:25:48  24.454  54.377 284.34  54.53  844 150.78  52.77 NADIR    4  
27 Feb 2018 06:30:49  24.454  54.377  98.71  31.13 1215 133.37  45.34 NADIR   3   
28 Feb 2018 07:13:31  24.454  54.377 283.16  78.02  718 145.94  52.00 NADIR    4  
 1 Mar 2018 07:56:01  24.454  54.377 287.55  23.93 1437 162.32  56.62 NADIR   3   
 2 Mar 2018 07:01:12  24.454  54.377 101.61  74.56  728 141.30  51.02 NADIR       
 3 Mar 2018 07:43:45  24.454  54.377 286.17  32.97 1170 156.83  56.40 NADIR   3   
 4 Mar 2018 06:48:51  24.454  54.377 100.40  51.81  870 136.86  49.85 NADIR       
 5 Mar 2018 07:31:28  24.454  54.377 284.81  46.29  934 151.43  55.93 NADIR       
 6 Mar 2018 06:36:30  24.454  54.377  99.28  36.36 1095 132.66  48.51 NADIR   3   
 7 Mar 2018 07:19:10  24.454  54.377 283.54  66.35  762 146.20  55.21 NADIR    4  
 8 Mar 2018 06:24:08  24.454  54.377  98.04  26.01 1364 128.68  47.02 NADIR   3   
 9 Mar 2018 07:06:51  24.454  54.377 101.74  87.02  705 141.18  54.27 NADIR       
10 Mar 2018 07:49:23  24.454  54.377 286.79  28.44 1289 158.23  59.58 NADIR   3   
11 Mar 2018 06:54:31  24.454  54.377 100.87  61.26  791 136.40  53.12 NADIR       
12 Mar 2018 07:37:06  24.454  54.377 285.44  39.53 1036 152.32  59.19 NADIR       
13 Mar 2018 06:42:10  24.454  54.377  99.87  42.61  985 131.90  51.79 NADIR       
14 Mar 2018 07:24:48  24.454  54.377 284.26  56.25  829 146.59  58.52 NADIR    4  
15 Mar 2018 06:29:48  24.454  54.377  98.60  30.24 1238 127.67  50.28 NADIR   3   
16 Mar 2018 07:12:29  24.454  54.377 283.08  80.38  713 141.11  57.60 NADIR    4  
17 Mar 2018 07:54:59  24.454  54.377 287.39  24.61 1412 160.06  62.80 NADIR   3   
18 Mar 2018 07:00:09  24.454  54.377 101.53  72.25  736 135.92  56.46 NADIR       
19 Mar 2018 07:42:42  24.454  54.377 286.05  33.96 1147 153.50  62.49 NADIR   3   
20 Mar 2018 06:47:48  24.454  54.377 100.32  50.14  888 131.07  55.11 NADIR       
21 Mar 2018 07:30:24  24.454  54.377 284.81  47.82  915 147.14  61.87 NADIR    4  
22 Mar 2018 06:35:25  24.454  54.377  99.19  35.24 1119 126.55  53.57 NADIR   3   
23 Mar 2018 07:18:05  24.454  54.377 283.35  68.60  751 141.08  60.97 NADIR    4  
24 Mar 2018 06:23:02  24.454  54.377  97.90  25.23 1390 122.36  51.88 NADIR   3   
25 Mar 2018 07:05:45  24.454  54.377 102.32  84.40  707 135.40  59.81 NADIR       
26 Mar 2018 07:48:16  24.454  54.377 286.67  29.33 1264 155.03  65.78 NADIR   3   
27 Mar 2018 06:53:24  24.454  54.377 100.86  59.15  807 130.13  58.43 NADIR       
28 Mar 2018 07:35:58  24.454  54.377 285.39  40.87 1014 147.87  65.21 NADIR       
29 Mar 2018 06:41:01  24.454  54.377  99.70  41.19 1008 125.27  56.85 NADIR       
30 Mar 2018 07:23:39  24.454  54.377 284.08  58.30  813 141.09  64.31 NADIR    4  
31 Mar 2018 06:28:38  24.454  54.377  98.46  29.28 1265 120.83  55.10 NADIR   3   
 1 Apr 2018 07:11:19  24.454  54.377 282.60  83.10  709 134.79  63.13 NADIR    4  
 2 Apr 2018 07:53:48  24.454  54.377 287.27  25.42 1385 157.01  69.01 NADIR   3   
 3 Apr 2018 06:58:58  24.454  54.377 101.60  69.69  746 129.02  61.70 NADIR       
 4 Apr 2018 07:41:31  24.454  54.377 285.90  35.14 1122 148.81  68.49 NADIR   3   
 5 Apr 2018 06:46:35  24.454  54.377 100.16  48.34  909 123.79  60.05 NADIR       
 6 Apr 2018 07:29:11  24.454  54.377 284.63  49.62  895 141.10  67.60 NADIR    4  
 7 Apr 2018 06:34:12  24.454  54.377  99.06  34.03 1146 119.07  58.23 NADIR   3   
 8 Apr 2018 07:16:51  24.454  54.377 283.37  71.23  740 134.04  66.38 NADIR    4  
 9 Apr 2018 06:21:47  24.454  54.377  97.81  24.39 1421 114.82  56.25 NADIR   3   
10 Apr 2018 07:04:30  24.454  54.377 101.90  81.48  712 127.68  64.87 NADIR    4  
11 Apr 2018 07:47:01  24.454  54.377 286.52  30.38 1236 150.01  71.67 NADIR   3   
12 Apr 2018 06:52:07  24.454  54.377 100.87  56.88  825 122.04  63.14 NADIR       
13 Apr 2018 07:34:42  24.454  54.377 285.21  42.45  990 141.09  70.77 NADIR    4  
14 Apr 2018 06:39:43  24.454  54.377  99.56  39.67 1035 117.04  61.22 NADIR       
15 Apr 2018 07:22:21  24.454  54.377 283.81  60.69  797 133.08  69.49 NADIR    4  
16 Apr 2018 06:27:19  24.454  54.377  98.36  28.24 1296 112.61  59.14 NADIR   3   
17 Apr 2018 07:10:00  24.454  54.377 282.92  86.19  707 126.04  67.90 NADIR    4  
18 Apr 2018 07:52:29  24.454  54.377 287.13  26.36 1355 151.57  74.71 NADIR   3   
19 Apr 2018 06:57:37  24.454  54.377 101.41  66.91  760 119.94  66.06 NADIR       
20 Apr 2018 07:40:10  24.454  54.377 285.82  36.52 1094 141.04  73.80 NADIR   3   
21 Apr 2018 06:45:13  24.454  54.377 100.03  46.40  934 114.68  64.02 NADIR       
22 Apr 2018 07:27:49  24.454  54.377 284.55  51.73  873 131.82  72.44 NADIR    4  
23 Apr 2018 06:32:49  24.454  54.377  98.87  32.74 1177 110.13  61.83 NADIR   3   
24 Apr 2018 07:15:28  24.454  54.377 282.89  74.24  730 124.00  70.74 NADIR    4  
26 Apr 2018 07:03:05  24.454  54.377 101.81  78.27  719 117.45  68.77 NADIR    4  
27 Apr 2018 07:45:36  24.454  54.377 286.35  31.59 1206 140.91  76.64 NADIR   3   
28 Apr 2018 06:50:42  24.454  54.377 100.61  54.45  846 111.98  66.60 NADIR       
29 Apr 2018 07:33:16  24.454  54.377 284.97  44.27  963 130.16  75.18 NADIR    4  
30 Apr 2018 06:38:17  24.454  54.377  99.38  38.05 1064 107.37  64.29 NADIR   3   
 1 May 2018 07:20:54  24.454  54.377 283.68  63.44  779 121.47  73.34 NADIR    4  
 2 May 2018 06:25:51  24.454  54.377  98.23  27.13 1330 103.45  61.86 NADIR   3   
 3 May 2018 07:08:32  24.454  54.377 281.09  89.63  705 114.52  71.22 NADIR    4  
 4 May 2018 07:51:01  24.454  54.377 286.96  27.43 1321 140.67  79.25 NADIR   3   
 5 May 2018 06:56:08  24.454  54.377 101.13  63.93  776 108.93  68.92 NADIR       
 6 May 2018 07:38:41  24.454  54.377 285.59  38.10 1064 127.98  77.68 NADIR   3   
 7 May 2018 06:43:43  24.454  54.377  99.88  44.35  961 104.37  66.47 NADIR       
 8 May 2018 07:26:19  24.454  54.377 284.19  54.15  849 118.38  75.68 NADIR    4  
 9 May 2018 06:31:17  24.454  54.377  98.67  31.36 1211 100.59  63.93 NADIR   3   
10 May 2018 07:13:56  24.454  54.377 282.90  77.64  720 111.15  73.40 NADIR    4  
11 May 2018 07:56:24  24.454  54.377 287.53  23.89 1440 140.34  81.61 NADIR   3   
12 May 2018 07:01:32  24.454  54.377 101.57  74.79  728 105.60  70.95 NADIR       
13 May 2018 07:44:03  24.454  54.377 286.19  32.97 1172 125.16  79.90 NADIR   3   
14 May 2018 06:49:07  24.454  54.377 100.48  51.88  871 101.23  68.38 NADIR       
15 May 2018 07:31:42  24.454  54.377 284.76  46.37  934 114.72  77.72 NADIR    4  
16 May 2018 06:36:41  24.454  54.377  99.30  36.33 1097  97.70  65.73 NADIR   3   
17 May 2018 07:19:19  24.454  54.377 283.56  66.59  762 107.43  75.28 NADIR    4  
18 May 2018 06:24:14  24.454  54.377  98.03  25.94 1368  94.77  63.03 NADIR   3   
19 May 2018 07:06:55  24.454  54.377 102.90  86.59  706 102.13  72.69 NADIR    4  
20 May 2018 07:49:24  24.454  54.377 286.78  28.65 1285 121.65  81.83 NADIR   3   
21 May 2018 06:54:29  24.454  54.377 100.90  60.79  796  98.11  70.01 NADIR       
22 May 2018 07:37:02  24.454  54.377 285.45  39.92 1031 110.59  79.47 NADIR       
23 May 2018 06:42:03  24.454  54.377  99.75  42.21  993  94.94  67.27 NADIR       
24 May 2018 07:24:39  24.454  54.377 283.97  56.94  824 103.56  76.87 NADIR    4  
25 May 2018 06:29:36  24.454  54.377  98.58  29.91 1248  92.35  64.49 NADIR   3   
26 May 2018 07:12:15  24.454  54.377 282.96  81.46  712  98.74  74.17 NADIR    4  
27 May 2018 07:54:43  24.454  54.377 287.34  24.97 1401 117.54  83.46 NADIR   3   
28 May 2018 06:59:50  24.454  54.377 101.52  71.08  741  95.22  71.39 NADIR       
29 May 2018 07:42:21  24.454  54.377 286.01  34.54 1135 106.28  80.92 NADIR   3   
30 May 2018 06:47:24  24.454  54.377 100.27  49.21  899  92.49  68.57 NADIR       
31 May 2018 07:29:58  24.454  54.377 284.61  48.79  904  99.87  78.20 NADIR    4  
 1 Jun 2018 06:34:56  24.454  54.377  99.07  34.54 1134  90.29  65.73 NADIR   3   
 2 Jun 2018 07:17:34  24.454  54.377 283.30  70.17  744  95.74  75.40 NADIR    4  
 3 Jun 2018 06:22:28  24.454  54.377  97.82  24.69 1409  88.45  62.87 NADIR   3   
 4 Jun 2018 07:05:09  24.454  54.377 102.17  82.48  710  92.80  72.56 NADIR    4  
 5 Jun 2018 07:47:38  24.454  54.377 286.56  30.03 1245 102.32  82.13 NADIR   3   
 6 Jun 2018 06:52:42  24.454  54.377 100.82  57.51  819  90.56  69.68 NADIR       
 7 Jun 2018 07:35:15  24.454  54.377 285.24  42.00  996  96.81  79.32 NADIR       
 8 Jun 2018 06:40:15  24.454  54.377  99.56  40.00 1028  88.76  66.80 NADIR       
 9 Jun 2018 07:22:50  24.454  54.377 284.03  60.15  799  93.44  76.45 NADIR    4  
10 Jun 2018 06:27:46  24.454  54.377  98.38  28.41 1289  87.26  63.90 NADIR   3   
11 Jun 2018 07:10:25  24.454  54.377 282.26  85.68  706  91.10  73.56 NADIR    4  
12 Jun 2018 07:52:52  24.454  54.377 287.17  26.20 1359  99.46  83.15 NADIR   3   
13 Jun 2018 06:57:59  24.454  54.377 101.33  67.20  757  89.34  70.66 NADIR       
14 Jun 2018 07:40:29  24.454  54.377 285.75  36.36 1096  94.88  80.28 NADIR   3   
15 Jun 2018 06:45:31  24.454  54.377 100.04  46.48  931  87.92  67.74 NADIR       
16 Jun 2018 07:28:05  24.454  54.377 284.54  51.59  872  92.21  77.38 NADIR    4  
17 Jun 2018 06:33:02  24.454  54.377  98.82  32.72 1175  86.72  64.82 NADIR   3   
18 Jun 2018 07:15:40  24.454  54.377 283.13  74.23  729  90.39  74.46 NADIR    4  
20 Jun 2018 07:03:13  24.454  54.377 101.71  78.09  718  89.01  71.53 NADIR    4  
21 Jun 2018 07:45:42  24.454  54.377 286.36  31.62 1202  94.63  81.14 NADIR   3   
22 Jun 2018 06:50:46  24.454  54.377 100.65  54.18  847  87.89  68.60 NADIR       
23 Jun 2018 07:33:18  24.454  54.377 284.95  44.43  959  92.39  78.23 NADIR    4  
24 Jun 2018 06:38:17  24.454  54.377  99.36  37.78 1067  86.93  65.67 NADIR   3   
25 Jun 2018 07:20:52  24.454  54.377 283.75  63.84  775  90.87  75.30 NADIR    4  
26 Jun 2018 06:25:47  24.454  54.377  98.18  26.88 1335  86.08  62.72 NADIR   3   
27 Jun 2018 07:08:26  24.454  54.377 107.69  89.69  704  89.73  72.36 NADIR    4  
28 Jun 2018 07:50:53  24.454  54.377 286.88  27.62 1313  96.67  81.95 NADIR   3   
29 Jun 2018 06:55:58  24.454  54.377 101.28  63.20  779  88.79  69.42 NADIR       
30 Jun 2018 07:38:29  24.454  54.377 285.55  38.46 1055  94.32  79.03 NADIR       
 1 Jul 2018 06:43:29  24.454  54.377  99.88  43.75  968  87.98  66.48 NADIR       
 2 Jul 2018 07:26:03  24.454  54.377 284.21  54.84  841  92.79  76.11 NADIR    4  
 3 Jul 2018 06:30:59  24.454  54.377  98.72  30.89 1220  87.25  63.53 NADIR   3   
 4 Jul 2018 07:13:37  24.454  54.377 283.33  78.77  716  91.65  73.17 NADIR    4  
 5 Jul 2018 07:56:02  24.454  54.377 287.46  24.19 1427 101.73  82.70 NADIR   3   
 6 Jul 2018 07:01:09  24.454  54.377 101.50  73.51  731  90.73  70.22 NADIR       
 7 Jul 2018 07:43:38  24.454  54.377 286.14  33.47 1158  98.40  79.80 NADIR   3   
 8 Jul 2018 06:48:40  24.454  54.377 100.38  50.83  880  89.94  67.28 NADIR       
 9 Jul 2018 07:31:12  24.454  54.377 284.75  47.25  922  96.37  76.88 NADIR    4  
10 Jul 2018 06:36:10  24.454  54.377  99.19  35.56 1111  89.24  64.32 NADIR   3   
11 Jul 2018 07:18:46  24.454  54.377 283.39  68.05  753  94.94  73.95 NADIR    4  
12 Jul 2018 06:23:39  24.454  54.377  97.93  25.36 1385  88.59  61.36 NADIR   3   
13 Jul 2018 07:06:18  24.454  54.377 101.41  84.73  707  93.82  71.00 NADIR    4  
14 Jul 2018 07:48:45  24.454  54.377 286.65  29.25 1266 105.05  80.48 NADIR   3   
15 Jul 2018 06:53:49  24.454  54.377 100.80  59.17  806  92.90  68.06 NADIR       
16 Jul 2018 07:36:19  24.454  54.377 285.32  40.91 1013 101.86  77.59 NADIR       
17 Jul 2018 06:41:18  24.454  54.377  99.61  41.05 1010  92.10  65.10 NADIR       
18 Jul 2018 07:23:53  24.454  54.377 284.07  58.59  811  99.73  74.67 NADIR    4  
19 Jul 2018 06:28:47  24.454  54.377  98.45  29.08 1270  91.38  62.14 NADIR   3   
20 Jul 2018 07:11:25  24.454  54.377 283.06  83.79  708  98.16  71.74 NADIR    4  
21 Jul 2018 07:53:50  24.454  54.377 287.26  25.65 1377 114.56  80.97 NADIR   3   
22 Jul 2018 06:58:56  24.454  54.377 101.59  68.80  750  96.91  68.80 NADIR       
23 Jul 2018 07:41:24  24.454  54.377 285.93  35.61 1112 109.45  78.16 NADIR   3   
24 Jul 2018 06:46:25  24.454  54.377 100.10  47.53  918  95.86  65.85 NADIR       
25 Jul 2018 07:28:58  24.454  54.377 284.43  50.52  884 106.15  75.29 NADIR    4  
26 Jul 2018 06:33:54  24.454  54.377  98.90  33.38 1160  94.96  62.90 NADIR   3   
27 Jul 2018 07:16:30  24.454  54.377 283.43  72.80  734 103.81  72.39 NADIR    4  
29 Jul 2018 07:04:01  24.454  54.377 102.11  79.50  715 102.01  69.47 NADIR    4  
30 Jul 2018 07:46:28  24.454  54.377 286.45  31.14 1216 119.08  78.47 NADIR   3   

